matrix_botton_calibration = [6, 5, 12, 8, 10, 26, 32, 10, 9, 25, 24, 25, 9, 25, 8, 11,
	 					9, 8, 10, 5, 10, 11, 26, 27, 27, 11, 23, 26, 11, 25, 11, 9,
	 					25, 10, 9, 26, 12, 13, 13, 10, 26, 11, 10, 12, 27, 27, 26, 32,
	 					11, 27, 9, 9, 29, 8, 27, 27, 28, 10, 25, 26, 8, 26, 26, 26,
	 					23, 10, 27, 11, 23, 26, 26, 9, 11, 10, 11, 15, 40, 10, 9, 12,
	 					27, 27, 9, 22, 11, 27, 11, 26, 12, 25, 27, 11, 12, 25, 10, 10, 
	 					9, 25, 10, 11, 9, 27, 11, 10, 26, 11, 26, 13, 12, 11, 27, 24, 
	 					27, 12, 12, 0, 9, 25, 28, 25, 28, 9, 12, 26, 27, 25, 24, 24, 
	 					11, 11, 26, 12, 29, 27, 12, 12, 10, 27, 25, 11, 26, 28, 7, 12, 
	 					16, 12, 11, 27, 28, 28, 9, 26, 26, 25, 11, 11, 28, 27, 26, 10, 
	 					8, 27, 25, 27, 32, 32, 24, 11, 10, 10, 28, 9, 10, 12, 27, 11, 
	 					26, 11, 29, 29, 32, 32, 27, 12, 26, 28, 9, 26, 27, 9, 27, 9, 
	 					27, 28, 10, 12, 28, 10, 13, 10, 27, 8, 26, 12, 12, 28, 27, 27, 
	 					10, 11, 27, 11, 10, 29, 11, 9, 28, 13, 13, 11, 16, 28, 12, 26, 
	 					10, 28, 28, 27, 26, 25, 12, 25, 22, 27, 26, 24, 26, 27, 28, 8, 
	 					29, 13, 27, 8, 6, 27, 11, 25, 10, 10, 10, 23, 12, 27, 9, 0]
	matrix_top_calibration = [4, 22, 21, 23, 21, 7, 21, 22, 24, 6, 36, 6, 7, 6, 21, 20, 5, 2, 6, 20, 7, 25, 5, 6, 7, 8, 19, 23, 6, 4, 9, 8, 24, 22, 7, 9, 10, 23, 7, 6, 24, 10, 7, 22, 22, 24, 8, 23, 24, 22, 4, 8, 25, 19, 5, 7, 2, 7, 5, 22, 8, 19, 24, 22, 5, 23, 25, 7, 16, 6, 24, 7, 21, 7, 22, 8, 4, 6, 17, 10, 24, 23, 22, 17, 22, 4, 24, 6, 23, 21, 8, 8, 23, 22, 22, 24, 9, 5, 6, 7, 25, 20, 4, 23, 23, 20, 24, 8, 22, 5, 6, 3, 24, 21, 23, 8, 19, 7, 23, 6, 23, 22, 24, 8, 23, 4, 7, 5, 23, 25, 22, 24, 25, 24, 8, 5, 8, 24, 22, 7, 25, 19, 24, 24, 4, 6, 9, 22, 24, 21, 23, 21, 26, 9, 26, 9, 10, 25, 22, 4, 4, 7, 6, 19, 8, 5, 22, 23, 9, 23, 25, 7, 25, 9, 10, 9, 23, 25, 23, 10, 21, 23, 24, 10, 9, 11, 24, 24, 6, 24, 9, 23, 5, 7, 4, 22, 7, 6, 56, 3, 7, 20, 22, 6, 7, 25, 7, 23, 4, 7, 21, 7, 18, 23, 21, 4, 24, 9, 9, 8, 26, 10, 12, 8, 3, 26, 6, 8, 21, 25, 25, 22, 5, 26, 8, 21, 24, 9, 9, 10, 9, 9, 5, 6, 22, 8, 26, 22, 8, 23, 22, 19, 27, 11, 27, 9]
